0, 0
0.00190082, -0.796313
0.160887, -1.60758
0.879569, -2.215
1.06975, -2.93066
0.996507, -2.82913
1.05401, -2.74053
1.05353, -2.74587
1.11879, -3.00409
1.19147, -3.12676
1.18927, -3.51653
0.460917, -4.34566
0.466148, -4.67476
0.525363, -5.22574
0.655079, -5.48181
0.27272, -5.87423
1.0407, -6.78586
1.63201, -7.72481
1.631, -8.86178
2.1248, -9.40464
1.71903, -9.99727
1.93696, -9.54574
1.98982, -9.32639
1.99163, -9.26735
2.03862, -9.18835
2.37549, -8.90566
2.40095, -8.7845
2.53147, -8.67464
2.40876, -8.25407
2.99595, -7.18911
2.92377, -6.39027
3.36127, -5.8285
3.44205, -5.66653
3.46405, -5.46371
3.77373, -4.68105
3.92777, -4.40181
3.63933, -4.75301
3.98605, -5.66049
4.34798, -6.93315
4.17657, -8.11499
2.9373, -9.12112
2.85414, -7.90366
2.52803, -6.77863
1.74983, -5.53644
0.883721, -4.0297
0.155988, -2.89526
1.21605, -2.31401
1.04445, -1.79674
0.802018, -0.898676
0.713174, -0.807106
0.748438, -0.684275
0.254936, -0.17521
0.263939, 0.132895
0.271691, 0.192483
0.412453, -0.00713523
0.412687, 0.0591924
0.427207, 0.508243
0.287261, 1.66889
0.394736, 2.80916
0.280371, 3.70257
0.243235, 4.53493
-0.611949, 5.21719
-1.69952, 5.15534
-2.72281, 6.08855
-3.94728, 6.9833
-3.64283, 9.15572
-3.89879, 7.12688
-4.10177, 6.04473
-4.23658, 5.24387
-4.45224, 4.86177
-5.00571, 4.17662
-5.22803, 3.73382
-5.56493, 2.74541
-6.26804, 1.57248
-6.06788, 0.0079113
-6.71845, -0.80975
-6.63521, -1.90177
-6.43923, -2.65926
-6.19335, -3.99229
-6.51275, -4.75541
-6.36984, -4.86788
-6.84329, -5.18394
-7.33386, -5.928
-7.39528, -5.80519
-7.38799, -5.78694
-7.44064, -6.02578
-7.44599, -5.99718
-7.0012, -5.34902
-7.08879, -4.44919
-7.2253, -3.74251
-6.67615, -3.03961
-6.38589, -2.54181
-6.54247, -1.44848
-6.11974, -0.0768242
-5.82844, 0.835512
-5.80618, 0.952266
-5.77568, 1.02452
-5.79379, 0.709051
-5.82423, 0.27323
-5.94151, -0.338535
-5.9739, -0.394525
-6.25244, -0.907046
-7.04276, -1.75014
-7.80158, -2.87955
-8.09559, -3.11395
-8.48587, -3.93735
-8.445, -4.67988
-8.4885, -4.75336
-8.49458, -4.81291
-8.61204, -5.01898
-8.71796, -5.09846
-8.79916, -4.25921
-8.92409, -3.55531
-8.72978, -3.06334
-8.67375, -2.95508
-8.34939, -2.17129
-8.52029, -1.8862
-8.02653, -1.74857
-7.96429, -1.50599
-7.9531, -1.39069
-7.94762, -1.3487
-7.46585, -1.02091
-7.26562, -0.469725
-7.25465, -0.433485
-7.2331, -0.374077
-7.50058, -0.474655
-7.78464, -0.919608
-8.4056, -1.99336
-9.35978, -2.46998
-9.41292, -3.32998
-9.15108, -4.67004
-8.83809, -5.83832
-9.35651, -7.54456
-9.94508, -8.22866
-8.59899, -9.48342
-7.75483, -7.46846
-6.51611, -5.78775
-6.49626, -3.57752
-4.3825, -2.16595
-3.3243, 0.0989042
-2.4404, 1.55967
-2.36466, 2.73759
-2.25435, 3.4378
-2.43964, 4.69414
-2.12581, 5.30356
-1.9637, 5.53813
-1.88342, 5.92246
-2.1841, 6.80648
-2.86688, 7.85018
-2.26616, 9.01232
