0, 0
0, 0
0, 0
0.555709, -4.70914
0.555709, -4.70914
-4.87209, 2.59098
-4.87209, 2.59098
9.39641, -1.36642
9.39641, -1.36642
-5.97823, 9.31435
-5.97823, 9.31435
-6.6645, 1.53155
-6.6645, 1.53155
5.13596, -1.25584
5.13596, -1.25584
-1.75499, 7.4951
-1.75499, 7.4951
-4.00407, 0.912598
-4.00407, 0.912598
3.8578, 3.37728
3.8578, 3.37728
-4.78298, -5.63607
-4.78298, -5.63607
-1.60005, 2.09472
-1.60005, 2.09472
-5.73268, 7.6805
-5.73268, 7.6805
3.47916, 1.56135
3.47916, 1.56135
3.66292, 0.810671
3.66292, 0.810671
-7.6344, 5.01913
-7.6344, 5.01913
3.31863, -5.41791
3.31863, -5.41791
-1.86818, -4.30636
-1.86818, -4.30636
-4.84309, -3.36909
-4.84309, -3.36909
-8.25258, 5.2193
-8.25258, 5.2193
-7.71037, 9.79641
-7.71037, 9.79641
8.28101, -8.18115
8.28101, -8.18115
8.27684, 5.68894
8.27684, 5.68894
5.7504, -8.68693
5.7504, -8.68693
6.95166, -3.05666
6.95166, -3.05666
-4.83141, 3.35338
-4.83141, 3.35338
-7.47199, 0.464304
-7.47199, 0.464304
-2.20198, -0.314083
-2.20198, -0.314083
