0, 0
-0.239352, -0.970933
-1.22415, -1.14463
-1.19465, -0.145063
-1.21319, -1.14489
-0.873234, -0.204451
-0.495901, -1.13053
-0.678284, -0.147302
-1.67804, -0.125265
-1.15574, -0.978026
-0.197325, -0.692651
-0.0360791, -1.67957
0.960162, -1.59294
0.677318, -0.633773
1.27498, -1.43552
0.829592, -2.33086
1.64693, -2.90702
2.62471, -2.69738
3.42207, -3.30089
4.42207, -3.30214
5.26897, -3.83389
5.64398, -4.76091
5.61065, -3.76146
5.65583, -4.76044
6.4364, -5.38552
7.0506, -6.17466
7.37089, -5.22735
7.33072, -4.22815
6.50572, -3.66302
5.96019, -2.82492
4.9693, -2.69027
5.96923, -2.70253
4.96966, -2.67308
4.54238, -3.5772
3.58009, -3.84924
2.90966, -3.10727
3.84075, -2.74249
2.92366, -3.14118
3.06954, -2.15188
3.69493, -1.37156
4.02669, -0.428199
3.41322, -1.21792
3.14405, -2.18101
2.48181, -2.9303
2.81634, -3.87269
1.88784, -4.24403
0.890834, -4.32132
0.694079, -5.30177
-0.277106, -5.06345
0.645881, -4.67862
1.62796, -4.86711
1.50694, -3.87446
2.48135, -4.09922
3.45765, -3.88282
2.55818, -4.31979
2.65526, -5.31507
3.02181, -6.24547
2.02909, -6.12499
1.15986, -5.63058
2.14145, -5.8216
1.80739, -6.76415
2.63268, -7.32886
3.61265, -7.12972
4.19404, -7.94335
4.54006, -7.00512
4.24352, -7.96014
4.57617, -8.90319
4.12693, -9.7966
3.48627, -9.02877
4.20842, -8.33704
3.48895, -9.03156
3.08857, -9.94791
3.25515, -10
4.04299, -9.75362
4.6723, -10
4.97417, -9.88182
4.89463, -10
4.41579, -9.2886
5.16553, -8.62686
4.19948, -8.3685
3.57362, -9.14843
3.00975, -9.97429
3.97275, -9.70479
3.74811, -10
3.36719, -9.49941
3.1009, -8.53552
4.00028, -8.09835
3.30503, -8.81712
3.60754, -7.86397
3.62876, -8.86375
3.0433, -8.05305
3.40153, -7.11941
4.39029, -7.26894
5.38223, -7.14227
6.31157, -7.5115
5.32818, -7.33003
5.71072, -8.25397
6.71055, -8.23551
5.8118, -8.67398
4.83747, -8.44885
5.23697, -7.53211
6.1367, -7.09566
7.13485, -7.15648
6.62132, -8.01455
6.87089, -7.04619
6.48967, -6.12171
6.63135, -7.11162
5.67929, -6.80571
6.05697, -7.73165
7.01001, -8.03451
7.18232, -9.01955
7.28002, -8.02434
8.27946, -7.99081
8.50553, -8.96492
9.1706, -9.71171
9.21523, -10
9.32358, -9.30006
8.3405, -9.48324
8.74475, -10
8.95664, -9.72913
8.8262, -10
8.52278, -9.3699
9.30602, -9.99161
8.62515, -9.25921
9.37626, -8.59903
8.7108, -9.34547
9.34999, -8.57643
10, -8.78314
9.69703, -8.87948
9.7478, -9.87819
9.6805, -10
9.26417, -9.24653
8.65374, -8.45446
9.65333, -8.42577
8.65336, -8.43308
9.5403, -7.97119
9.30758, -6.99865
10, -6.97496
9.693, -6.96446
10, -6.43189
9.80759, -6.09809
9.28827, -6.95267
9.12863, -7.93985
8.13219, -8.02412
7.15978, -7.79082
7.95141, -8.40182
6.97957, -8.16617
6.65351, -7.22082
5.70976, -7.55146
6.03682, -6.60646
5.15699, -7.08174
5.72934, -7.90174
5.46632, -8.86653
5.7662, -9.82051
4.83822, -9.44788
4.9697, -10
5.06987, -9.57932
4.91205, -10
4.71862, -9.4844
4.74065, -10
4.76132, -9.51651
5.60381, -8.97781
5.07582, -9.82706
5.16374, -10
5.52899, -9.28152
5.81708, -10
5.90115, -9.79031
6.50793, -8.99544
5.57276, -8.64123
6.38727, -9.22139
7.13613, -9.88412
7.86674, -9.20132
8.42058, -8.3687
9.1635, -7.69932
8.55186, -8.49045
9.27288, -9.18336
9.95189, -9.91749
9.733, -8.94174
9.45534, -7.98106
8.62328, -7.42638
7.69782, -7.04754
6.88913, -6.4593
5.90927, -6.25961
6.64024, -5.5772
7.43892, -6.17896
6.74037, -6.89453
5.92261, -7.47009
5.87562, -6.47119
5.0238, -5.94736
5.35493, -6.89094
6.2271, -7.38015
7.07073, -7.91708
7.83251, -7.26924
8.56376, -7.95135
9.48289, -8.3453
9.71916, -7.37361
10, -7.87878
9.79494, -8.24763
8.98947, -7.65499
7.9895, -7.6629
8.44946, -6.77496
8.94873, -7.6414
8.97855, -8.64096
8.48397, -7.77183
7.59137, -8.22269
8.44105, -7.69538
8.13325, -6.74393
9.11967, -6.57971
9.76665, -7.34222
9.51683, -8.31051
9.52532, -9.31048
10, -9.09059
9.56731, -8.89015
10, -9.72482
9.97246, -9.77795
10, -9.24057
9.97636, -8.77926
9.21071, -9.42251
8.24599, -9.15922
7.24831, -9.09111
8.01888, -9.72847
7.28638, -9.04771
6.67536, -8.25609
5.79996, -8.73948
6.58037, -9.36474
7.50919, -8.99421
7.94909, -9.89225
8.88625, -9.54334
8.48549, -10
8.22664, -9.70505
8.11372, -10
7.86909, -9.36106
7.87418, -8.36107
6.88698, -8.20157
6.5358, -9.13788
5.55508, -9.33333
5.31808, -8.36182
4.35328, -8.6248
3.48986, -8.12031
3.38843, -7.12547
3.8289, -8.02324
4.51344, -7.29426
4.98595, -6.41293
4.4282, -7.24294
3.78989, -6.47317
3.37588, -7.38344
3.88102, -6.5204
4.86131, -6.71799
4.14418, -6.02106
3.73106, -5.11038
3.24774, -4.23493
3.04429, -3.25585
4.03623, -3.38261
3.03772, -3.43721
3.32674, -4.39453
3.44656, -5.38733
4.31792, -5.87796
5.22263, -6.304
4.45727, -6.94761
4.38915, -5.94994
5.13027, -6.62131
5.03533, -5.62583
4.85945, -6.61024
3.87668, -6.42543
4.81913, -6.09108
5.51946, -5.37726
6.47985, -5.65592
6.7473, -4.69235
6.36324, -5.61566
5.99017, -6.54346
5.07031, -6.93573
4.16789, -7.36658
5.05287, -6.90094
5.98415, -7.26524
5.6852, -6.31097
5.00547, -7.04444
5.3347, -6.10019
4.90699, -7.0041
5.60051, -7.72454
4.79001, -8.31028
3.91371, -7.82851
3.24135, -7.08829
4.01509, -7.72179
3.16543, -8.24913
4.12672, -7.97358
3.74871, -7.04778
3.30511, -7.944
2.34808, -7.65403
2.26602, -6.6574
3.20164, -6.30441
2.34505, -5.78842
1.35177, -5.90416
0.823608, -5.05502
-0.146987, -4.8143
-0.443879, -3.85939
0.492359, -3.50802
0.058064, -2.60725
-0.847607, -2.18327
-1.40124, -1.35051
-1.07119, -0.406545
-0.12722, -0.0765122
0.222697, 0.860269
1.11184, 1.3179
1.99871, 1.77992
1.24955, 1.11753
0.337163, 0.708194
0.565316, 1.68182
-0.174897, 1.00945
0.240044, 0.0995983
-0.391702, 0.874774
0.587202, 0.670453
1.47975, 1.1214
2.19631, 0.423875
1.21888, 0.635095
1.93379, 1.33431
2.67768, 0.666011
1.79546, 0.195179
1.04753, -0.468599
0.183589, -0.972198
-0.276227, -1.86021
0.0435747, -2.8077
-0.292728, -3.74945
0.386853, -4.48305
0.247947, -3.49275
-0.183895, -4.3947
-1.18376, -4.37855
-2.0002, -3.80111
-2.895, -4.24756
-2.02263, -3.75872
-2.9246, -4.19051
-1.9675, -3.90077
-1.32881, -4.67023
-1.51977, -3.68863
-0.555578, -3.42341
-1.43266, -3.90375
-1.93509, -4.76837
-2.91184, -4.98274
-2.83397, -3.98578
-2.02188, -3.40226
-1.54996, -2.52061
-0.947417, -1.72253
-1.35523, -2.6356
-2.28836, -2.27607
-1.28988, -2.22097
-0.553557, -1.54434
0.167516, -0.851482
-0.329478, -1.71924
-0.734122, -0.804762
-1.40409, -0.0623744
-0.408057, 0.0265734
0.486898, 0.472729
1.29866, 1.05671
1.6961, 1.97434
2.69361, 1.90377
3.05748, 0.972324
3.53633, 0.0944271
2.70012, -0.453988
3.18141, -1.33055
3.01859, -2.3172
3.29813, -1.35707
4.25062, -1.05249
4.11073, -2.04266
3.41697, -1.32245
2.44922, -1.57436
2.73813, -0.617002
2.49709, 0.353513
2.39346, -0.641103
2.13552, -1.60727
1.88506, -0.639138
1.38107, -1.50284
1.98383, -0.704928
1.55357, 0.197775
2.44743, -0.250573
3.44658, -0.209274
2.66866, 0.419094
2.63131, -0.580208
1.67371, -0.292112
0.992551, -1.02425
1.92754, -0.669566
1.01718, -0.255735
0.850645, -1.24177
1.41724, -0.417772
0.545681, 0.0725233
1.33311, -0.54388
1.21241, -1.53657
0.271316, -1.87472
-0.652481, -1.49184
0.0922212, -0.824441
-0.500338, -0.0189137
0.326541, 0.543467
-0.297159, 1.32513
-1.18471, 0.864415
-2.11718, 0.503165
-1.12798, 0.649753
-0.980989, 1.63889
-1.96764, 1.80173
-0.968726, 1.75515
-1.89011, 1.3665
-2.12835, 2.3377
-3.11974, 2.46862
-2.46682, 3.22604
-1.52102, 3.55077
-2.2999, 4.17794
-3.05042, 4.83878
-3.89901, 4.30972
-3.17047, 4.99473
-4.13656, 4.73651
-5.1119, 4.95721
-4.31555, 5.56205
-3.49445, 6.13284
-3.76835, 5.17108
-4.601, 5.72487
-3.80037, 5.12572
-4.77418, 5.35307
-4.41402, 4.42018
-3.47167, 4.75482
-2.97214, 3.88853
-2.87844, 4.88413
-2.66149, 5.86031
-3.54515, 6.32845
-3.38044, 5.34211
-4.11021, 6.0258
-5.10492, 6.12855
-4.13094, 6.35518
-4.34508, 7.33198
-3.36622, 7.12744
-3.23964, 8.11939
-4.20004, 8.39801
-3.78753, 7.48706
-4.10139, 6.53759
-3.31427, 5.92079
-3.36355, 6.91958
-2.7548, 6.12621
-2.99004, 7.09815
-2.00228, 7.25416
-2.2496, 8.2231
-3.21249, 7.95321
-3.54214, 8.89731
-2.68908, 9.41912
-3.43694, 10
-3.47883, 9.96746
-2.50262, 9.75066
-3.48138, 9.95567
-3.79288, 9.00542
-4.43611, 8.23975
-4.25764, 7.2558
-3.36592, 7.70837
-2.61522, 7.04773
-2.95502, 6.10723
-2.0091, 6.43163
-2.81944, 5.84568
-2.8127, 6.84566
-1.81471, 6.90903
-1.94381, 5.9174
-1.47419, 6.80027
-0.721929, 7.45913
-1.17651, 8.34984
-0.21465, 8.62338
0.479493, 7.90354
