5.341370772011544,499.00692957992396
5.319807092203007,499.8106499368587
5.101863124172894,0.06794071608169361
4.883919156142781,0.32523149530476303
4.665975188112668,0.5825222745278325
4.448031220082555,0.8398130537509019
4.230087252052442,1.0971038329739713
4.169445394386685,0.4925877751745702
4.108803536720927,499.88807171737517
4.04816167905517,499.28355565957577
3.9875198213894123,498.67903960177637
3.926877963723655,498.07452354397697
3.8662361060578974,497.47000748617756
3.948166944946479,497.46393007727283
4.0300977838350605,497.4578526683681
3.7718693567812807,497.8667568966795
3.513640929727501,498.27566112499085
3.255412502673721,498.6845653533022
2.9971840756199413,499.0934695816136
2.7389556485661615,499.50237380992496
2.541908487623232,499.62586644805333
2.3448613266803022,499.7493590861816
2.1478141657373726,499.87285172430984
1.950767004794443,499.9963443624381
1.7537198438515134,0.11983700056634916
1.5566726829085837,0.24332963869466084
1.6251526055619934,0.5726285779191471
1.693632528215403,0.9019275171436334
1.7621124508688126,1.2312264563681197
1.8305923735222223,1.560525395592606
1.899072296175632,1.8898243348170922
1.9675522188290415,2.2191232740415785
2.036032141482451,2.5484222132660648
2.104512064135861,2.877721152490551
2.1729919867892704,3.2070200917150373
2.2308754283757253,3.8307191776857508
2.28875886996218,4.454418263656464
2.346642311548635,5.078117349627178
2.40452575313509,5.701816435597891
2.4624091947215447,6.3255155215686045
2.5202926363079996,6.949214607539318
2.5781760778944545,7.572913693510031
2.6360595194809093,8.196612779480745
2.693942961067364,8.820311865451458
2.5966434937115537,8.853354454337307
2.499344026355743,8.886397043223155
2.4020445589999326,8.919439632109004
2.304745091644122,8.952482220994852
2.2074456242883116,8.985524809880701
2.110146156932501,9.01856739876655
1.5596101191716798,8.640825587857194
1.0090740814108585,8.263083776947838
0.45853804365003725,7.885341966038482
499.9080020058892,7.507600155129126
499.3574659681284,7.12985834421977
498.8069299303676,6.752116533310414
498.25639389260675,6.374374722401058
498.11961408217417,6.388749239320077
498.4819411055515,6.528884322914394
498.8442681289289,6.66901940650871
499.20659515230625,6.809154490103026
499.5689221756836,6.949289573697342
499.93124919906097,7.089424657291659
499.4631168030579,6.319413663235252
498.99498440705486,5.549402669178846
498.5268520110518,4.77939167512244
498.05871961504874,4.009380681066034
498.41622494990406,3.289277668736929
498.7737302847594,2.5691746564078244
499.1312356196147,1.8490716440787196
499.6511258829378,2.1197849830724067
0.17101614626085393,2.390498322066094
0.6909064095839312,2.661211661059781
1.2107966729070085,2.931925000053468
1.7306869362300858,3.202638339047155
2.250577199553163,3.473351678040842
2.7704674628762405,3.7440650170345293
3.2903577261993178,4.014778356028216
3.810247989522395,4.2854916950219035
4.760037955749226,4.330418931959571
5.709827921976057,4.375346168897238
6.659617888202888,4.420273405834905
6.447398519281194,4.772655264686364
6.2351791503594995,5.1250371235378225
6.022959781437805,5.477418982389281
5.810740412516111,5.82980084124074
5.809070451455966,5.8304810728052985
5.807400490395821,5.831161304369857
5.805730529335676,5.831841535934416
5.804060568275531,5.832521767498974
5.802390607215386,5.833201999063533
5.800720646155241,5.833882230628092
5.959988273831243,6.01382529411768
6.119255901507245,6.193768357607269
6.278523529183246,6.373711421096857
6.437791156859248,6.5536544845864455
6.59705878453525,6.733597548076034
6.446667028004185,7.626865037005018
6.296275271473064,8.520132525934002
6.426516592360997,8.557164817920068
6.55675791324893,8.594197109906133
6.163122953261393,8.0589210565347
5.769487993273856,7.523645003163267
5.375853033286319,6.988368949791834
4.982218073298782,6.453092896420401
4.588583113311245,5.917816843048968
4.194948153323708,5.382540789677535
4.762200661841632,6.0909143306896
5.329453170359557,6.799287871701665
5.896705678877481,7.50766141271373
6.463958187395406,8.216034953725796
7.03121069591333,8.924408494737861
7.598463204431255,9.632782035749926
8.16571571294918,10.341155576761992
8.732968221467104,11.049529117774057
9.300220729985028,11.757902658786122
9.530251857029043,11.371205786157702
9.760282984073058,10.984508913529282
9.990314111117073,10.597812040900862
10.133329565253234,10.147268400707219
10.276345019389396,9.696724760513575
10.419360473525558,9.246181120319932
10.56237592766172,8.795637480126288
10.705391381797881,8.345093839932645
10.848406835934043,7.894550199739001
11.245297691497115,8.51993390573216
11.642188547060186,9.145317611725318
11.759637370525638,9.619107164688273
11.87708619399109,10.092896717651229
11.994535017456542,10.566686270614184
11.992122047802695,10.52386124080141
11.989709078148849,10.481036210988634
11.987296108495002,10.438211181175859
11.984883138841155,10.395386151363084
11.982470169187309,10.352561121550309
11.980057199533462,10.309736091737534
11.977644229879616,10.266911061924759
11.975231260225769,10.224086032111984
11.972818290571922,10.181261002299209
12.457228240493464,10.314875447021109
12.451540909066011,10.466592637806002
12.445853577638559,10.618309828590895
12.440166246211106,10.770027019375789
12.434478914783654,10.921744210160682
12.428791583356201,11.073461400945575
12.35754868305662,10.094958670716778
12.28630578275704,9.116455940487981
12.21506288245746,8.137953210259184
12.14381998215788,7.159450480030387
12.072577081858299,6.1809477498015895
12.61262391477078,6.836590443129978
13.15267074768326,7.492233136458367
13.69271758059574,8.147875829786756
13.803729297884843,8.83820515676149
13.914741015173945,9.528534483736223
14.025752732463047,10.218863810710957
14.13676444975215,10.90919313768569
13.262846301430045,11.11126105357829
12.38892815310794,11.313328969470888
11.515010004785779,11.515396885363486
10.641091856463618,11.717464801256085
9.767173708141456,11.919532717148684
8.893255559819295,12.12160063304134
8.019337411497133,12.323668548933938
7.145419263174972,12.525736464826537
6.271501114852811,12.727804380719135
6.532755806062369,12.632071282015886
6.794010497271927,12.536338183312637
6.695840155729513,12.579604865982674
5.8697131193995915,12.156572440387436
5.04358608306967,11.733540014792197
4.217459046739748,11.310507589196959
3.391332010409826,10.88747516360172
2.5652049740799043,10.464442738006483
1.7390779377499825,10.041410312411244
0.9129509014200607,9.618377886816006
0.08682386509013895,9.195345461220768
0.07379462103017431,9.204367816947979
0.06076537697020967,9.21339017267519
0.04773613291024503,9.222412528402401
0.03470688885028039,9.231434884129612
499.68141043661103,9.035513446887876
499.32811398437184,8.83959200964614
498.97481753213265,8.643670572404403
498.62152107989345,8.447749135162667
498.26822462765426,8.25182769792093
497.91492817541507,8.055906260679194
497.5616317231759,7.859984823437458
497.5669213105325,7.860287217660527
497.57221089788914,7.860589611883597
497.57750048524576,7.860892006106667
497.5827900726024,7.861194400329737
497.588079659959,7.8614967945528065
498.27832388896786,8.555509449919839
498.9685681179767,9.249522105286871
499.65881234698554,9.943534760653904
0.349056575994382,10.637547416020936
0.44146542677822254,11.232719568891014
0.5338742775620631,11.827891721761091
0.6262831283459036,12.423063874631225
0.5633409000376446,12.511406038098812
0.5003986717293856,12.599748201566399
0.34838079727887816,12.407760249805733
0.19636292282837076,12.215772298045067
0.4151629639599719,11.960829186307421
0.633963005091573,11.705886074569776
0.8527630462231741,11.45094296283213
1.0715630873547752,11.195999851094484
1.2903631284863764,10.941056739356839
1.5091631696179775,10.686113627619193
1.7279632107495786,10.431170515881547
1.6733101577688672,10.540457962997209
1.6186571047881557,10.649745410112871
1.5640040518074443,10.759032857228533
2.09572394367342,11.331342507510385
2.6274438355393954,11.903652157792237
3.159163727405371,12.47596180807409
3.6908836192713466,13.048271458355885
4.222603511137322,13.62058110863768
4.754323403003298,14.192890758919475
5.286043294869273,14.76520040920127
4.9955542088983975,13.832091852381836
5.775038675806684,13.546843868278074
6.55452314271497,13.261595884174312
7.3340076096232565,12.97634790007055
8.113492076531543,12.691099915966788
8.89297654343983,12.405851931863026
9.672461010348115,12.120603947759264
10.451945477256402,11.835355963655445
10.077797245830425,12.057853882216818
9.703649014404448,12.280351800778249
9.32950078297847,12.502849719339679
8.955352551552494,12.725347637901109
8.581204320126517,12.94784555646254
8.20705608870054,13.17034347502397
7.832907857274563,13.3928413935854
7.8016852027927825,13.251780777464091
7.770462548311002,13.110720161342783
7.360292780922123,12.367896398219159
6.9501230135332435,11.625072635095478
6.929694293501143,11.664105853207218
6.9092655734690425,11.703139071318958
6.888836853436942,11.742172289430698
6.8684081334048415,11.781205507542438
6.847979413372741,11.820238725654178
6.8275506933406405,11.859271943765918
6.80712197330854,11.898305161877659
6.7866932532764395,11.937338379989399
6.346227099440966,12.604354220200435
5.905760945605493,13.271370060411414
5.46529479177002,13.938385900622393
5.024828637934547,14.605401740833372
4.584362484099074,15.272417581044351
4.143896330263601,15.93943342125533
4.45901485546284,15.555756917340204
4.551923351710741,15.744993752425557
4.644831847958642,15.93423058751091
4.737740344206543,16.123467422596264
4.830648840454444,16.312704257681617
4.923557336702345,16.50194109276697
5.016465832950246,16.691177927852323
5.109374329198147,16.880414762937676
5.202282825446048,17.06965159802303
5.039468528950408,17.515929852542058
4.876654232454769,17.962208107061088
4.713839935959129,18.408486361580117
4.551025639463489,18.854764616099146
4.38821134296785,19.301042870618176
3.9040101375847485,18.933198906178404
3.419808932201647,18.565354941738633
2.935607726818546,18.19751097729886
2.4514065214354446,17.82966701285909
1.9672053160523433,17.46182304841932
2.013679742747115,16.707787190924023
2.060154169441887,15.953751333428727
2.106628596136659,15.19971547593343
2.1531030228314307,14.445679618438135
2.1995774495262026,13.691643760942839
2.2460518762209745,12.937607903447542
1.6177314239681664,13.170035323960292
0.9894109717153583,13.402462744473041
0.3610905194625502,13.63489016498579
499.73277006720974,13.86731758549854
499.10444961495693,14.09974500601129
498.4761291627042,14.332172426524039
497.8478087104513,14.564599847036789
497.22253281184635,15.28123769591798
496.5972569132414,15.997875544799172
495.9719810146364,16.714513393680363
496.06948549626145,16.69072917368817
496.22012553820934,17.069312787628405
496.37076558015724,17.44789640156864
496.52140562210514,17.826480015508878
496.67204566405303,18.205063629449114
496.8226857060009,18.58364724338935
496.9733257479488,18.962230857329587
497.1239657898967,19.340814471269823
497.2746058318446,19.71939808521006
497.80738831576446,19.454068333900523
498.3401707996843,19.188738582590986
498.87295328360415,18.92340883128145
499.405735767524,18.658079079971913
499.93851825144384,18.392749328662376
0.471300735363684,18.12741957735284
1.0040832192835296,17.862089826043302
1.5368657032033752,17.596760074733766
2.069648187123221,17.33143032342423
1.6282614917430465,17.197363339631124
2.0844955361239954,16.969955577999144
2.5407295805049444,16.742547816367164
2.9969636248858933,16.515140054735184
3.4531976692668422,16.287732293103204
3.909431713647791,16.060324531471224
4.36566575802874,15.832916769839244
4.821899802409689,15.605509008207264
4.852058653146798,15.264539248168148
4.882217503883908,14.923569488129033
4.912376354621017,14.582599728089917
4.942535205358126,14.241629968050802
4.972694056095236,13.900660208011686
5.002852906832345,13.55969044797257
5.033011757569454,13.218720687933455
5.063170608306564,12.87775092789434
5.093329459043673,12.536781167855224
4.7858073978238735,13.304267600719868
4.478285336604074,14.071754033584511
4.1707632753842745,14.839240466449155
3.863241214164475,15.606726899313799
3.5557191529446754,16.374213332178442
3.248197091724876,17.141699765043086
3.4810929525000915,17.25918311011901
3.713988813275307,17.376666455194936
3.946884674050523,17.49414980027086
4.179780534825738,17.611633145346786
4.412676395600954,17.72911649042271
4.38856094888655,17.11062833716926
4.3644455021721456,16.492140183915808
4.340330055457741,15.873652030662356
4.316214608743337,15.255163877408904
4.488452700474454,14.735159453038364
4.660690792205571,14.215155028667823
4.566719651184314,14.18678124566975
4.472748510163058,14.158407462671676
4.378777369141801,14.130033679673602
4.284806228120544,14.101659896675528
4.677154337689558,13.939386046856498
5.0695024472585715,13.777112197037468
5.461850556827585,13.614838347218438
5.854198666396599,13.452564497399408
5.849512224807427,13.642529731825107
5.844825783218255,13.832494966250806
5.840139341629083,14.022460200676505
5.835452900039911,14.212425435102205
5.830766458450739,14.402390669527904
5.826080016861567,14.592355903953603
5.8213935752723955,14.782321138379302
5.816707133683224,14.972286372805002
5.812020692094052,15.1622516072307
5.247752055537262,15.9206192868985
4.683483418980472,16.6789869665663
4.119214782423683,17.4373546462341
3.554946145866893,18.195722325901897
2.9906775093101032,18.954090005569697
2.4264088727533135,19.712457685237496
1.8621402361965238,20.470825364905295
1.297871599639734,21.229193044573094
0.7336029630829444,21.987560724240893
0.8438612397843599,22.324010956857023
0.9541195164857754,22.660461189473153
1.064377793187191,22.996911422089283
1.1746360698886065,23.333361654705413
1.284894346590022,23.669811887321544
1.3951526232914375,24.006262119937674
1.5629991977808686,23.866278988279873
1.7308457722702997,23.726295856622073
1.8986923467597308,23.586312724964273
2.066538921249162,23.446329593306473
2.234385495738593,23.306346461648673
2.402232070228024,23.166363329990872
2.570078644717455,23.026380198333072
2.737925219206886,22.886397066675272
2.835536353796101,23.106165712731695
2.933147488385316,23.325934358788118
3.030758622974531,23.54570300484454
3.128369757563746,23.765471650900963
3.225980892152961,23.985240296957386
3.323592026742176,24.20500894301381
3.421203161331391,24.42477758907023
3.518814295920606,24.644546235126654
3.100321301652855,25.06409778226282
3.437141653298397,25.13425837119246
3.7739620049439395,25.204418960122098
4.110782356589482,25.274579549051737
4.447602708235024,25.344740137981375
4.784423059880567,25.414900726911014
5.121243411526109,25.485061315840653
5.458063763171651,25.555221904770292
5.6732631701251535,26.247802780359734
5.888462577078656,26.940383655949177
6.065167917871406,26.865064902576137
6.241873258664157,26.789746149203097
6.418578599456907,26.714427395830057
6.595283940249658,26.639108642457018
6.7719892810424085,26.563789889083978
6.948694621835159,26.488471135710938
7.12539996262791,26.4131523823379
7.30210530342066,26.33783362896486
7.250608568302312,26.351351764330616
7.199111833183963,26.364869899696373
7.147615098065614,26.37838803506213
7.096118362947266,26.391906170427887
7.044621627828917,26.405424305793645
6.9931248927105685,26.418942441159402
6.94162815759222,26.43246057652516
6.890131422473871,26.445978711890916
7.327280968466198,26.629584387446357
7.764430514458525,26.813190063001798
8.201580060450851,26.99679573855724
8.638729606443178,27.18040141411268
9.075879152435505,27.36400708966812
9.513028698427831,27.547612765223562
9.950178244420158,27.731218440779003
9.245822370121061,27.25942052901371
8.541466495821965,26.787622617248417
7.837110621522868,26.315824705483124
7.132754747223771,25.84402679371783
7.138969493613558,25.845223996339428
7.145184240003346,25.846421198961025
7.151398986393133,25.847618401582622
7.15761373278292,25.84881560420422
7.112569202971372,25.82522946389429
7.067524673159824,25.801643323584358
7.022480143348275,25.778057183274427
6.977435613536727,25.754471042964497
6.932391083725179,25.730884902654566
6.308285381910878,25.26498630420963
5.684179680096577,24.79908770576469
5.060073978282276,24.333189107319754
4.435968276467975,23.867290508874817
4.280757527677508,23.594769318267254
4.125546778887042,23.32224812765969
3.9703360300965755,23.049726937052128
3.815125281306109,22.777205746444565
4.151313316132246,22.767268573913384
4.487501350958382,22.757331401382203
4.823689385784519,22.74739422885102
4.578009066254424,22.689134730536807
4.332328746724329,22.630875232222593
4.086648427194234,22.57261573390838
3.840968107664139,22.514356235594164
3.595287788134044,22.45609673727995
3.349607468603949,22.397837238965735
3.1039271490738543,22.33957774065152
2.8474181611320546,21.716950231152396
2.590909173190255,21.09432272165327
2.3344001852484553,20.471695212154145
2.0778911973066556,19.84906770265502
1.821382209364856,19.226440193155895
1.5648732214230563,18.60381268365677
1.3083642334812566,17.981185174157645
1.051855245539457,17.35855766465852
0.7953462575976573,16.735930155159394
1.4505669917285218,17.48033081075232
2.1057877258593862,18.224731466345247
2.7610084599902507,18.969132121938173
3.416229194121115,19.7135327775311
4.07144992825198,20.457933433124026
4.726670662382844,21.202334088716952
5.3818913965137085,21.94673474430988
6.037112130644573,22.691135399902805
5.856768576363322,22.711752851445226
5.676425022082071,22.732370302987647
5.4960814678008205,22.752987754530068
5.31573791351957,22.77360520607249
5.135394359238319,22.79422265761491
4.955050804957068,22.81484010915733
4.774707250675817,22.83545756069975
4.594363696394566,22.856075012242172
4.414020142113316,22.876692463784593
4.409371402094678,22.8711209142225
4.40472266207604,22.86554936466041
4.400073922057402,22.85997781509832
5.060799823924867,22.6319495194698
5.790071863378273,22.9701974298232
6.519343902831679,23.308445340176604
6.567587952659096,23.16743902383496
6.615832002486513,23.026432707493314
6.664076052313931,22.885426391151668
6.712320102141348,22.744420074810023
6.760564151968765,22.603413758468378
6.808808201796182,22.462407442126732
6.312528656986103,22.390296560917136
5.816249112176024,22.31818567970754
5.319969567365945,22.246074798497943
4.823690022555866,22.173963917288347
4.3274104777457865,22.10185303607875
3.8311309329357073,22.029742154869155
3.334851388125628,21.95763127365956
2.838571843315549,21.885520392449962
3.4763743350499112,22.3555011019821
4.1141768267842735,22.825481811514237
4.751979318518636,23.295462521046375
5.389781810252998,23.765443230578512
6.0275843019873605,24.23542394011065
6.665386793721723,24.705404649642787
7.303189285456085,25.175385359174925
7.467106622092274,25.59322719066438
7.631023958728463,26.011069022153833
7.7949412953646515,26.428910853643288
7.95885863200084,26.846752685132742
8.122775968637029,27.264594516622196
8.286693305273218,27.68243634811165
8.450610641909407,28.100278179601105
8.614527978545595,28.51812001109056
8.894567672513688,29.31537381870544
9.17460736648178,30.112627626320318
9.547872733404574,30.12304085994606
9.921138100327369,30.1334540935718
10.294403467250163,30.14386732719754
10.667668834172957,30.15428056082328
11.040934201095752,30.164693794449022
11.414199568018546,30.175107028074763
11.78746493494134,30.185520261700503
12.160730301864078,30.195933495326244
12.533995668786815,30.206346728951985
12.644021521429295,30.58079896757556
12.754047374071774,30.955251206199137
12.864073226714254,31.329703444822712
12.974099079356733,31.704155683446288
13.084124931999213,32.078607922069864
13.194150784641693,32.45306016069344
13.304176637284172,32.827512399317015
13.414202489926652,33.20196463794059
14.36021615797074,33.46189561873018
15.306229826014828,33.72182659951977
16.252243494058916,33.98175758030936
17.198257162103005,34.241688561098954
18.144270830147093,34.501619541888545
19.09028449819118,34.761550522678135
20.03629816623527,35.021481503467726
20.982311834279358,35.28141248425732
21.928325502323446,35.54134346504691
22.360423612400268,35.58489439563721
22.79252172247709,35.62844532622751
23.224619832553913,35.671996256817806
23.656717942630735,35.715547187408106
24.088816052707557,35.759098117998406
24.634778022803175,35.793268279879385
25.180739992898793,35.827438441760364
25.126983909432965,35.969434056751425
25.073227825967138,36.111429671742485
25.01947174250131,36.253425286733545
24.96571565903548,36.395420901724606
24.68684015220117,36.80856331223117
24.40796464536686,37.22170572273774
24.316730981361047,36.826211299098304
24.225497317355234,36.43071687545887
24.047834936504728,36.229157347819864
23.87017255565422,36.02759782018086
23.692510174803715,35.82603829254185
23.51484779395321,35.62447876490285
23.337185413102702,35.42291923726384
23.159523032252196,35.221359709624835
23.89112133452909,35.647615813060725
24.622719636805982,36.073871916496614
25.354317939082875,36.500128019932504
25.67871284111675,37.04563051303899
26.003107743150622,37.59113300614547
26.327502645184495,38.13663549925195
26.719864995008493,38.56981354493837
27.11222734483249,39.00299159062479
27.504589694656488,39.436169636311206
27.896952044480486,39.869347681997624
28.289314394304483,40.30252572768404
28.68167674412848,40.73570377337046
29.07403909395248,41.16888181905688
29.466401443776476,41.602059864743296
29.858763793600474,42.035237910429714
29.822580024716103,42.018222737329324
29.786396255831733,42.001207564228935
28.976429917830842,42.02420886354116
28.16646357982995,42.04721016285339
27.35649724182906,42.07021146216562
27.36945953232828,41.80000094510103
27.382421822827496,41.52979042803645
27.395384113326713,41.259579910971866
27.006527383488788,41.16609926753915
26.617670653650862,41.07261862410644
26.228813923812936,40.97913798067373
25.83995719397501,40.885657337241014
25.356171078679154,40.867996392745226
24.872384963383297,40.85033544824944
24.38859884808744,40.83267450375365
23.904812732791584,40.815013559257864
23.421026617495727,40.797352614762076
23.12196709255386,40.558706264899
22.822907567611992,40.32005991503593
22.523848042670124,40.08141356517285
22.224788517728257,39.84276721530978
21.92572899278639,39.6041208654467
21.626669467844522,39.36547451558363
21.327609942902654,39.12682816572055
21.028550417960787,38.88818181585748
21.208625551846694,38.63964554155598
21.3887006857326,38.39110926725448
21.56877581961851,38.14257299295298
21.748850953504416,37.89403671865148
21.928926087390323,37.64550044434998
22.10900122127623,37.39696417004848
22.289076355162138,37.14842789574698
22.324157576773473,37.16170136956487
22.35923879838481,37.174974843382756
22.98565119473278,37.46471383320613
23.612063591080755,37.75445282302951
24.23847598742873,38.04419181285289
24.8648883837767,38.333930802676264
25.01972329492662,39.10362512700158
25.17455820607654,39.87331945132689
25.32939311722646,40.64301377565221
24.691135874848214,40.28489620015057
24.05287863246997,39.92677862464893
23.414621390091725,39.568661049147295
22.77636414771348,39.21054347364566
22.138106905335235,38.85242589814402
22.308497925716438,38.47147066324567
22.107466046933155,38.41656778880156
21.90643416814987,38.36166491435745
21.70540228936659,38.30676203991334
21.504370410583306,38.25185916546923
21.303338531800023,38.19695629102512
21.722356437680446,38.011125500496064
22.14137434356087,37.82529470996701
22.560392249441293,37.63946391943796
22.979410155321716,37.453633128908905
23.39842806120214,37.26780233837985
23.817445967082563,37.0819715478508
24.236463872962986,36.896140757321746
24.742520148804715,36.38348971830908
25.248576424646444,35.87083867929641
25.754632700488173,35.358187640283745
26.260688976329902,34.84553660127108
26.76674525217163,34.33288556225841
27.27280152801336,33.820234523245745
27.77885780385509,33.30758348423308
27.75071187569688,33.341563795989146
27.72256594753867,33.37554410774521
27.69442001938046,33.40952441950128
27.66627409122225,33.44350473125735
27.63812816306404,33.47748504301342
27.60998223490583,33.511465354769484
27.58183630674762,33.54544566652555
27.55369037858941,33.57942597828162
27.663640733864668,33.3493520498821
27.773591089139927,33.11927812148258
27.883541444415187,32.88920419308306
27.993491799690446,32.65913026468354
28.103442154965705,32.42905633628402
28.067371501248203,32.448440779756766
28.71797447403185,32.51841674298316
29.368577446815493,32.58839270620956
30.019180419599138,32.65836866943596
30.669783392382783,32.728344632662356
30.28057657616398,32.500662760091586
29.891369759945178,32.272980887520816
29.502162943726375,32.04529901495005
29.096719726494598,32.01045312482768
28.69127650926282,31.975607234705308
28.229609828779985,31.95930351360198
27.65935383687929,31.238904904463197
27.089097844978596,30.518506295324414
26.5188418530779,29.79810768618563
26.3458488431786,30.22306744789705
26.1728558332793,30.648027209608472
25.99986282338,31.072986971319892
25.826869813480698,31.497946733031313
25.438182608262196,31.607994618523776
25.049495403043693,31.71804250401624
24.66080819782519,31.828090389508702
24.272120992606688,31.938138275001165
24.409426553988283,31.345807839399754
24.546732115369878,30.753477403798342
24.684037676751473,30.16114696819693
24.821343238133068,29.56881653259552
24.958648799514663,28.97648609699411
25.095954360896258,28.384155661392697
25.068257533145584,28.53368114445857
25.04056070539491,28.68320662752444
25.012863877644236,28.832732110590314
24.985167049893562,28.982257593656186
24.973836360144333,29.0097138190838
24.962505670395103,29.037170044511413
24.951174980645874,29.064626269939026
25.38617111741371,29.781218186650108
25.821167254181546,30.49781010336119
26.256163390949382,31.21440202007227
26.69115952771722,31.930993936783352
27.126155664485054,32.647585853494434
27.56115180125289,33.364177770205515
27.69298811621684,33.166057911571556
27.824824431180787,32.9679380529376
27.956660746144735,32.76981819430364
28.088497061108683,32.57169833566968
28.22033337607263,32.37357847703572
28.35216969103658,32.17545861840176
28.484006006000527,31.977338759767804
28.615842320964475,31.779218901133845
27.763067030031834,32.269140800619766
26.910291739099193,32.75906270010569
26.057516448166552,33.24898459959161
25.20474115723391,33.73890649907753
24.35196586630127,34.22882839856345
23.49919057536863,34.71875029804937
22.64641528443599,35.20867219753529
21.793639993503348,35.698594097021214
22.32536585308469,36.30563695845569
22.857091712666033,36.91267981989017
23.388817572247376,37.51972268132465
23.92054343182872,38.12676554275913
24.45226929141006,38.73380840419361
24.446120499924746,38.72505805048229
24.43997170843943,38.71630769677097
24.433822916954114,38.70755734305965
24.427674125468798,38.69880698934833
24.42152533398348,38.690056635637006
24.415376542498166,38.681306281925686
24.4637488314105,38.65184064688276
24.51212112032283,38.622375011839836
24.560493409235164,38.59290937679691
24.77214648832114,38.94446016156667
24.897680917838557,38.038505567235006
25.023215347355972,37.132550972903346
25.148749776873387,36.226596378571685
25.274284206390803,35.320641784240024
25.39981863590822,34.41468718990836
25.525353065425634,33.5087325955767
25.65088749494305,32.60277800124504
25.776421924460465,31.69682340691338
26.451592091390694,31.552826838754754
27.126762258320923,31.408830270596127
27.801932425251152,31.2648337024375
27.50348287281804,31.409100801075056
27.205033320384928,31.55336789971261
26.906583767951815,31.697634998350168
26.608134215518703,31.841902096987724
26.30968466308559,31.98616919562528
26.01123511065248,32.130436294262836
25.712785558219366,32.27470339290039
25.414336005786254,32.41897049153795
25.00369789716001,32.51507542892591
24.593059788533765,32.611180366313874
24.18242167990752,32.70728530370184
24.69229910782019,32.211951192961806
25.20217653573286,31.716617082221774
25.232034013495536,31.73285164351182
25.26189149125821,31.74908620480187
25.291748969020887,31.765320766091918
25.321606446783562,31.781555327381966
25.351463924546238,31.797789888672014
25.381321402308913,31.814024449962062
25.310676624898065,30.91988858555169
25.240031847487217,30.025752721141316
25.80566791371541,30.619586528542982
26.371303979943605,31.213420335944647
26.10644764936842,31.163901898855215
25.841591318793235,31.114383461765783
25.57673498821805,31.06486502467635
25.311878657642865,31.01534658758692
25.04702232706768,30.965828150497487
24.782165996492495,30.916309713408054
24.967870961329936,30.276376058570122
25.153575926167377,29.63644240373219
25.33928089100482,28.996508748894257
25.52498585584226,28.356575094056325
25.7106908206797,27.716641439218392
24.889340451652515,27.313025024821968
24.281232887911756,27.701259110551973
23.673125324170996,28.08949319628198
23.065017760430237,28.477727282011983
22.456910196689478,28.86596136774199
21.84880263294872,29.254195453471993
21.97996161972685,29.306077022959016
22.111120606504983,29.35795859244604
22.242279593283115,29.40984016193306
22.423302796619737,29.259454393687975
22.60432599995636,29.109068625442887
22.78534920329298,28.9586828571978
22.966372406629603,28.808297088952713
22.836659258607597,29.11146108757157
22.70694611058559,29.414625086190426
22.577232962563585,29.717789084809283
22.44751981454158,30.02095308342814
22.317806666519573,30.324117082046996
22.188093518497567,30.627281080665853
22.05838037047556,30.93044507928471
21.16887092236584,31.3463942426863
20.27936147425612,31.762343406087894
19.3898520261464,32.178292569489486
18.50034257803668,32.59424173289108
17.61083312992696,33.01019089629267
16.72132368181724,33.42614005969426
15.831814233707519,33.842089223095854
14.942304785597798,34.25803838649745
14.585955479220502,34.11938929138773
14.229606172843205,33.98074019627802
13.873256866465908,33.84209110116831
13.516907560088612,33.703442006058594
13.728083562405345,33.44963383869697
13.939259564722079,33.19582567133534
14.125036489324884,32.963674952249676
14.31081341392769,32.73152423316401
14.496590338530496,32.49937351407834
14.682367263133301,32.267222794992676
14.868144187736107,32.03507207590701
15.053921112338912,31.802921356821344
14.954475791045752,32.03720063979085
14.855030469752592,32.27147992276036
14.755585148459431,32.50575920572987
14.656139827166271,32.74003848869938
14.55669450587311,32.97431777166889
14.45724918457995,33.2085970546384
14.35780386328679,33.44287633760791
14.25835854199363,33.67715562057742
13.63692127585034,34.25581238672146
13.015484009707052,34.834469152865495
12.394046743563763,35.41312591900953
11.772609477420417,35.99178268515357
11.151172211277071,36.5704394512976
10.529734945133725,37.14909621744164
9.90829767899038,37.727752983585674
9.576440917161335,38.48110929700272
9.24458415533229,39.23446561041976
9.781186220462985,38.79813554450561
10.317788285593679,38.361805478591464
10.854390350724373,37.925475412677315
11.390992415855067,37.489145346763166
11.92759448098576,37.05281528084902
12.464196546116455,36.61648521493487
13.000798611247092,36.18015514902072
13.537400676377729,35.74382508310657
14.353452733447284,35.169968556460276
15.16950479051684,34.59611202981398
15.985556847586395,34.022255503167685
16.80160890465595,33.44839897652139
16.77310088012655,33.571689400391506
16.744592855597148,33.69497982426162
16.716084831067747,33.81827024813174
16.687576806538345,33.941560672001856
16.636639457129604,33.94857809691632
16.585702107720863,33.95559552183079
16.53476475831212,33.96261294674525
16.48382740890338,33.96963037165972
16.43289005949464,33.976647796574184
16.381952710085898,33.98366522148865
16.331015360677156,33.990682646403116
16.280078011268415,33.99770007131758
16.229140661859674,34.00471749623205
16.27968997287803,34.80155330299874
16.33023928389639,35.598389109765435
16.380788594914748,36.39522491653213
16.534865630417016,35.831032700183755
16.688942665919285,35.26684048383538
16.843019701421554,34.70264826748701
16.997096736923822,34.13845605113863
17.15117377242609,33.57426383479026
17.30525080792836,33.010071618441884
17.45932784343063,32.44587940209351
17.057546715987428,32.03349742764567
16.655765588544227,31.62111545319783
16.253984461101027,31.20873347874999
15.852203333657826,30.79635150430215
15.450422206214625,30.383969529854312
15.048641078771425,29.971587555406472
14.646859951328224,29.559205580958633
14.663937766662684,29.027074748266045
14.681015581997144,28.494943915573458
14.698093397331604,27.96281308288087
14.715171212666064,27.430682250188283
15.145275061821849,27.885498741868787
15.575378910977633,28.34031523354929
16.005482760133418,28.795131725229794
15.243354509782648,28.921129562180795
14.481226259431878,29.047127399131796
13.719098009081108,29.173125236082797
12.956969758730338,29.299123073033797
12.194841508379568,29.4251209099848
11.432713258028741,29.5511187469358
10.670585007677914,29.6771165838868
10.637636887208316,29.687905043304568
10.604688766738718,29.698693502722335
10.57174064626912,29.709481962140103
10.656031343437121,28.916038713588932
10.740322040605122,28.12259546503776
10.824612737773123,27.32915221648659
10.908903434941124,26.53570896793542
10.993194132109124,25.74226571938425
11.077484829277125,24.94882247083308
11.161775526445126,24.15537922228191
11.246066223613127,23.361935973730738
11.330356920781128,22.568492725179567
10.810840877238547,22.125751907162567
10.291324833695967,21.683011089145566
9.771808790153386,21.240270271128566
9.252292746610806,20.797529453111565
8.732776703068225,20.354788635094565
8.213260659525645,19.912047817077564
7.693744615983064,19.469306999060564
8.280616450364676,18.661148752028907
8.867488284746287,17.85299050499725
9.454360119127898,17.044832257965595
10.04123195350951,16.23667401093394
10.62810378789112,15.428515763902283
11.612277844615619,15.594858869622158
12.255541895890019,15.47379431966283
12.89880594716442,15.352729769703501
12.933839448700724,14.998798173005298
12.968872950237028,14.644866576307095
13.003906451773332,14.290934979608892
13.038939953309637,13.937003382910689
13.073973454845941,13.583071786212486
13.109006956382245,13.229140189514283
13.230423486923428,13.323086321362894
13.35184001746461,13.417032453211505
13.278344153376565,13.64979634746578
13.20484828928852,13.882560241720057
13.131352425200475,14.115324135974333
13.05785656111243,14.34808803022861
12.984360697024385,14.580851924482886
12.91086483293634,14.813615818737162
12.837368968848295,15.046379712991438
12.76387310476025,15.279143607245715
13.34259937675165,15.622570394240029
13.92132564874305,15.965997181234343
14.50005192073445,16.309423968228657
15.07877819272585,16.65285075522297
15.569058078692365,16.021921613130417
15.846250208741822,16.67323534928778
16.12344233879128,17.324549085445142
16.400634468840735,17.975862821602504
16.677826598890192,18.627176557759867
16.95501872893965,19.27849029391723
17.232210858989106,19.929804030074592
17.509402989038563,20.581117766231955
17.056965260012362,20.860215292439307
16.60452753098616,21.13931281864666
16.42615480609038,20.208195948203866
17.30003139738858,20.69012023051812
18.17390798868678,21.17204451283237
19.047784579984977,21.653968795146625
18.51203175332546,21.39578114343078
17.97627892666594,21.137593491714938
17.440526100006423,20.879405839999094
17.03879818564053,20.40738469637222
16.637070271274638,19.935363552745343
16.235342356908745,19.463342409118468
15.482025099502835,19.96538035862295
14.728707842096924,20.467418308127435
13.975390584691013,20.96945625763192
13.222073327285102,21.471494207136402
12.468756069879191,21.973532156640886
11.715438812473224,22.47557010614537
10.962121555067256,22.977608055649853
10.208804297661288,23.479646005154336
10.131501523536372,22.54521140633085
10.054198749411455,21.610776807507364
10.463401688466547,22.481063360737153
10.872604627521639,23.351349913966942
11.281807566576731,24.22163646719673
11.691010505631823,25.09192302042652
12.100213444686915,25.96220957365631
12.50941638374195,26.8324961268861
12.382481743128551,26.56381148885407
12.255547102515152,26.295126850822044
12.128612461901753,26.026442212790016
12.001677821288354,25.75775757475799
11.874743180674955,25.48907293672596
12.210097068623213,24.918737601189605
12.545450956571472,24.34840226565325
12.143015265827671,24.842575958342877
11.740579575083814,25.336749651032505
11.338143884339956,25.830923343722134
10.9357081935961,26.325097036411762
10.533272502852242,26.81927072910139
10.130836812108384,27.31344442179102
9.728401121364527,27.807618114480647
9.32596543062067,28.301791807170275
8.923529739876813,28.795965499859904
8.832119369945758,28.782101873755664
8.740709000014704,28.768238247651425
8.618265585526046,28.59657733754659
8.49582217103739,28.424916427441758
8.373378756548732,28.253255517336925
8.250935342060075,28.08159460723209
8.128491927571417,27.909933697127258
8.00604851308276,27.738272787022424
7.883605098594103,27.56661187691759
7.761161684105446,27.394950966812758
8.05916906106819,27.58559681957911
8.357176438030933,27.77624267234546
8.655183814993677,27.966888525111813
8.95319119195642,28.157534377878164